det = -954
x1=9.46801e-17
x2=2
x3=0.333333
x4=-1.5
